52
1 3 2 2
5 7 2 2
9 11 2 2
14 15 2 2
17 18 2 2
2 2 3 5
4 4 3 5
7 7 3 5
10 10 3 5
15 15 3 3
18 18 3 3
14 14 4 4
17 17 4 4
1 3 6 6
5 7 6 6
9 11 6 6
1 3 8 8
5 7 8 8
9 11 8 8
13 15 8 8
3 3 9 9
5 5 9 11
7 7 9 11
9 9 9 11
11 11 9 11
15 15 9 9
1 3 10 10
14 14 10 10
1 1 11 11
13 13 11 11
1 3 12 12
5 7 12 12
9 10 12 12
13 15 12 12
1 1 14 15
3 3 14 15
5 7 14 14
9 9 14 17
13 13 14 17
18 18 14 14
5 5 15 15
17 17 15 17
19 19 15 17
1 3 16 16
5 7 16 16
1 1 17 18
3 3 17 18
5 5 17 17
5 7 18 18
9 11 18 18
13 15 18 18
18 18 18 18
